50 50
50.3748 52.7527
44.0234 36.0934
47.1912 49.1396
38.0584 60.7592
-18.999 10.9448
4.70173 21.7979
23.4615 12.6812
10.6586 26.8545
24.4352 21.1254
23.4672 16.626
-43.8493 -2.61293
-29.6489 -87.4152
-38.8001 -96.045
-78.5522 -67.5458
-64.2477 -138.525
-61.8894 -125.736
-46.5722 -74.2095
-66.1566 32.7223
-61.4457 18.0385
-66.3928 238.053
-83.3173 239.17
-82.9753 242.947
-101.118 132.512
-122.648 158.07
-115.982 187.528
-118.888 233.435
-128.565 175.503
-180.618 179.754
-159.968 172.394
-182.112 100.401
-149.013 115.126
-158.024 144.771
-170.759 170.705
-191.659 177.018
123.769 189.225
121.375 230.844
136.714 244.56
61.9178 209.287
71.6013 234.223
88.3825 267.66
76.1562 260.503
75.443 255.67
66.3584 242.286
87.1 233.702
77.3499 221.615
80.9216 209.542
150.392 212.045
194.064 221.587
234.474 234.325
240.037 221.944
230.845 239.245
214.029 231.966
211.017 220.041
157.336 228.535
288.385 236.088
277.555 257.268
250.071 266.375
259.894 260.569
238.094 256.19
255.746 231.544
233.956 320.997
284.687 328.679
286.088 336.43
326.148 283.164
348.432 272.638
346.367 276.22
349.322 288.633
341.243 321.163
346.224 339.434
338.194 367.232
326.437 416.766
284.893 415.843
283.657 409.372
591.138 413.918
577.256 382.011
566.302 369.766
554.613 367.732
577.477 365.594
518.867 335.438
506.12 309.739
495.411 313.07
508.533 313.612
434.041 319.497
429.823 363.564
413.287 299.168
465.85 303.359
410.876 304.616
402.32 312.19
388.359 272.113
371.017 275.678
372.437 280.017
375.63 285.907
388.932 293.563
397.092 292.768
410.281 296.762
415.401 320.483
437.035 336.572
440.133 292.548
453.556 283.708
440.494 255.894
