50 50
94.5754 47.3594
104.485 77.1537
95.6519 85.9032
69.6756 82.5189
55.9432 87.2117
28.6234 81.6176
26.9985 85.2023
33.576 90.1169
-44.3842 126.552
-52.3629 144.488
26.3159 98.3056
47.9659 89.7516
59.6265 85.4659
103.15 93.1818
81.2968 105.357
92.6411 116.035
95.6203 109.63
98.5666 134.191
69.4499 189.733
76.0623 198.805
85.0588 182.584
86.2223 176.334
95.663 156.965
106.199 140.593
83.7353 137.039
64.3992 154.511
63.0385 -87.8866
54.0414 -91.8794
88.6011 -87.7965
71.0515 -69.8243
88.5936 -62.0552
95.074 -71.4934
84.4633 -32.1551
82.694 -2.11824
90.0297 -10.7517
116.881 -1.89136
73.7923 14.47
78.0139 16.3349
67.3391 5.26663
51.7316 26.4844
49.1936 32.2179
46.1002 24.8568
10.3539 32.545
34.8981 19.5876
22.2165 11.6476
-51.0032 39.4884
-46.8432 14.4576
-65.0557 18.6739
-68.9741 29.0731
-102.958 38.25
-151.604 133.864
-177.56 159.453
-252.762 168.222
-236.575 171.349
-252.363 143.14
-259.691 131.956
-273.427 63.4045
-253.313 81.4967
-232.783 78.9559
-213.365 68.3681
-222.371 81.4355
-184.689 71.2762
-144.723 194.773
-133.648 176.524
-102.086 268.677
-80.7425 313.872
-77.1906 320.689
-112.842 322.456
-135.778 343.342
-180.446 338.443
-164.479 336.178
-163.132 348.119
-117.02 343.707
-136.721 395.67
-142.848 393.736
-131.895 355.719
-99.9573 358.959
-82.7863 345.456
-84.9464 341.972
-76.9271 382.245
-98.4147 375.829
-104.903 254.596
-97.9672 268.644
-102.799 284.257
-101.679 259.752
-84.4472 252.149
-44.4745 254.119
-72.8126 263.871
-39.1443 294.908
-37.9098 302.559
-53.5589 293.816
-30.887 308.391
-35.4772 334.124
-38.8253 352.651
-67.5382 337.445
-82.9295 346.106
-81.1361 342.138
-95.0312 333.897
-63.5824 314.035
-84.5602 341.658
