1.47149
1.0895
0.00208893
0.155966
0.252151
0.388731
2.83008
-0.229975
-0.581214
1.8059
-0.265939
-0.819278
-0.158074
2.11255
1.51284
1.70301
-0.152444
-0.902162
-1.15122
-1.18302
-0.612758
-2.48448
1.21739
-1.21937
-3.67124
1.47697
0.761392
-1.18582
1.05462
-1.61571
-0.665596
-1.43435
-4.14704
-2.29902
1.27928
2.3193
0.502865
2.08951
2.69037
-0.437823
-0.703579
0.0518444
-2.14886
-0.886998
-0.164663
-1.05286
-0.80753
-1.23875
-1.64572
3.00011
0.0410243
-0.222403
1.63663
-3.01186
-3.34121
0.716568
2.70618
-0.0948068
2.92834
-1.348
-0.915131
-1.75555
1.69629
0.361017
0.679865
-2.87567
0.0769094
1.06649
0.245214
-0.0831195
2.6609
-1.6386
-0.908495
-0.869684
-1.37404
2.15578
0.990048
0.707566
-1.73774
-0.633493
-0.401719
2.23615
-0.530117
-4.35
-0.944291
-0.503998
-2.77382
0.845237
0.0419786
-1.05444
-1.45615
0.0611772
-0.863513
-0.188366
-0.169868
0.451986
-1.55438
1.70093
1.08608
-0.320669
